1 1
2 1
3 1
4 1
5 1
6 1
7 1
8 1
9 1
10 1
11 1
12 1
13 1
14 1
15 1
16 1
17 1
18 1
19 1
20 1
21 1
22 1
23 1
24 1
25 1
26 1
27 1
28 1
29 1
30 1
31 1
32 1
33 1
34 1
35 1
36 1
37 1
38 1
39 1
40 1
41 1
42 1
43 1
44 1
45 1
46 1
47 1
48 1
49 1
50 1
51 1
52 1
53 1
54 1
55 1
56 1
57 2
58 2
59 2
60 2
61 2
62 2
63 2
64 2
65 2
66 2
67 2
68 2
69 2
70 2
71 2
72 2
73 2
74 2
75 2
76 2
77 2
78 2
79 2
80 2
81 2
82 2
83 2
84 2
85 2
86 2
87 2
88 2
89 2
90 2
91 2
92 2
93 2
94 2
95 2
96 2
97 2
98 2
99 2
100 2
101 2
102 2
103 2
104 2
105 2
106 2
107 2
108 2
109 2
110 2
111 2
112 2
113 3
114 3
115 3
116 3
117 3
118 3
119 3
120 3
121 3
122 3
123 3
124 3
125 3
126 3
127 3
128 3
129 3
130 3
131 3
132 3
133 3
134 3
135 3
136 3
137 3
138 3
139 3
140 3
141 4
142 4
143 4
144 4
145 4
146 4
147 4
148 4
149 4
150 4
151 4
152 4
153 4
154 4
155 4
156 4
157 4
158 4
159 4
160 4
161 4
162 4
163 4
164 4
165 4
166 4
167 5
168 5
169 5
170 5
171 5
172 5
173 5
174 5
175 5
176 5
177 5
178 5
179 5
180 5
181 5
182 5
183 5
184 5
185 5
186 5
187 5
188 5
189 5
190 5
191 5
192 5
193 5
194 5
195 5
196 5
197 5
198 5
199 5
200 5
201 5
202 5
203 5
204 5
205 5
206 5
207 5
208 5
209 5
210 5
211 5
212 5
213 5
214 5
215 5
216 5
217 5
218 5
219 5
220 5
221 5
222 6
223 6
224 6
225 6
226 6
227 6
228 6
229 6
230 6
231 6
232 6
233 6
234 6
235 6
236 6
237 6
238 6
239 6
240 6
241 6
242 6
243 6
244 6
245 6
246 6
247 6
248 6
249 6
250 6
251 6
252 6
253 6
254 6
255 6
256 6
257 6
258 6
259 6
260 6
261 6
262 6
263 6
264 6
265 6
266 6
267 6
268 6
269 6
270 6
271 6
272 6
273 6
274 6
275 6
276 6
277 6
278 7
279 7
280 7
281 7
282 7
283 7
284 7
285 7
286 7
287 7
288 7
289 7
290 7
291 7
292 7
293 7
294 7
295 7
296 7
297 7
298 7
299 7
300 7
301 7
302 7
303 7
304 7
305 7
306 8
307 8
308 8
309 8
310 8
311 8
312 8
313 8
314 8
315 8
316 8
317 8
318 8
319 8
320 8
321 8
322 8
323 8
324 8
325 8
326 8
327 8
328 8
329 8
330 8
331 8
332 8
333 8
334 9
335 9
336 9
337 9
338 9
339 9
340 9
341 9
342 9
343 9
344 9
345 9
346 9
347 9
348 9
349 9
350 9
351 9
352 9
353 9
354 9
355 9
356 9
357 9
358 9
359 9
360 9
361 9
362 10
363 10
364 10
365 10
366 10
367 10
368 10
369 10
370 10
371 10
372 10
373 10
374 10
375 10
376 10
377 10
378 10
379 10
380 11
381 11
382 11
383 11
384 11
385 11
386 11
387 11
388 11
389 11
390 11
391 11
392 11
393 11
394 11
395 11
396 11
397 11
398 11
399 11
400 11
401 11
402 11
403 11
404 11
405 11
406 11
407 12
408 12
409 12
410 12
411 12
412 12
413 12
414 12
415 12
416 12
417 12
418 12
419 12
420 12
421 12
422 12
423 12
424 12
425 12
426 12
427 12
428 12
429 12
430 12
431 12
432 12
433 12
434 12
435 13
436 13
437 13
438 13
439 13
440 13
441 13
442 13
443 13
444 13
445 13
446 13
447 13
448 13
449 13
450 13
451 13
452 13
453 13
454 13
455 13
456 13
457 13
458 13
459 14
460 14
461 14
462 14
463 14
464 14
465 14
466 14
467 14
468 14
469 14
470 14
471 14
472 14
473 14
474 14
475 14
476 14
477 14
478 14
479 14
480 14
481 14
482 14
483 15
484 15
485 15
486 15
487 15
488 15
489 15
490 15
491 15
492 15
493 15
494 15
495 15
496 15
497 15
498 15
499 15
500 15
501 15
502 15
503 15
504 15
505 15
506 15
507 15
508 15
509 15
510 15
511 16
512 16
513 16
514 16
515 16
516 16
517 16
518 16
519 16
520 16
521 16
522 16
523 16
524 16
525 16
526 16
527 16
528 16
529 16
530 16
531 16
532 16
533 16
534 16
535 16
536 16
537 16
538 16
539 17
540 17
541 17
542 17
543 17
544 17
545 17
546 17
547 17
548 17
549 17
550 17
551 17
552 17
553 17
554 17
555 17
556 17
557 17
558 17
559 17
560 17
561 18
562 18
563 18
564 18
565 18
566 18
567 18
568 18
569 18
570 18
571 18
572 18
573 18
574 18
575 18
576 18
577 18
578 18
579 18
580 18
581 18
582 18
583 18
584 18
585 18
586 18
587 18
588 18
589 18
590 18
591 18
592 18
593 18
594 18
595 18
596 18
597 18
598 18
599 18
600 18
601 18
602 18
603 18
604 18
605 18
606 18
607 18
608 18
609 18
610 18
611 18
612 18
613 18
614 18
615 18
616 18
617 18
618 18
619 18
620 18
621 18
622 18
623 18
624 18
625 18
626 18
627 18
628 18
629 19
630 19
631 19
632 19
633 19
634 19
635 19
636 19
637 19
638 19
639 19
640 19
641 19
642 19
643 19
644 19
645 19
646 19
647 19
648 19
649 19
650 19
651 19
652 19
653 19
654 19
655 19
656 19
657 19
658 19
659 19
660 19
661 19
662 19
663 19
664 19
665 19
666 19
667 19
668 19
669 19
670 19
671 19
672 19
673 19
674 19
675 19
676 19
677 19
678 19
679 19
680 19
681 19
682 19
683 19
684 19
685 19
686 19
687 19
688 19
689 19
690 19
691 19
692 19
693 19
694 19
695 19
696 19
697 20
698 20
699 20
700 20
701 20
702 20
703 20
704 20
705 20
706 20
707 20
708 20
709 20
710 20
711 20
712 20
713 20
714 20
715 20
716 20
717 20
718 20
719 20
720 20
721 20
722 20
723 20
724 20
725 21
726 21
727 21
728 21
729 21
730 21
731 21
732 21
733 21
734 21
735 21
736 21
737 21
738 21
739 21
740 21
741 21
742 21
743 21
744 21
745 21
746 21
747 21
748 21
749 22
750 22
751 22
752 22
753 22
754 22
755 22
756 22
757 22
758 22
759 22
760 22
761 22
762 22
763 22
764 22
765 22
766 22
767 22
768 22
769 22
770 22
771 22
772 22
773 23
774 23
775 23
776 23
777 23
778 23
779 23
780 23
781 23
782 23
783 23
784 23
785 23
786 23
787 23
788 23
789 23
790 23
791 23
792 23
793 23
794 23
795 23
796 24
797 24
798 24
799 24
800 24
801 24
802 24
803 24
804 24
805 24
806 24
807 24
808 24
809 24
810 24
811 24
812 24
813 24
814 24
815 24
816 24
817 24
818 24
819 24
820 24
821 24
822 24
823 24
824 24
825 24
826 24
827 24
828 25
829 25
830 25
831 25
832 25
833 25
834 25
835 25
836 25
837 25
838 25
839 25
840 25
841 25
842 25
843 25
844 25
845 25
846 25
847 25
848 25
849 25
850 25
851 25
852 25
853 25
854 25
855 25
856 25
857 25
858 25
859 25
860 26
861 26
862 26
863 26
864 26
865 26
866 26
867 26
868 26
869 26
870 26
871 26
872 26
873 26
874 26
875 26
876 26
877 26
878 26
879 26
880 26
881 26
882 26
883 26
884 26
885 26
886 26
887 26
888 26
889 26
890 26
891 26
892 26
893 26
894 26
895 26
896 26
897 26
898 26
899 26
900 26
901 26
902 26
903 26
904 26
905 26
906 26
907 26
908 26
909 26
910 26
911 26
912 26
913 26
914 26
915 26
916 27
917 27
918 27
919 27
920 27
921 27
922 27
923 27
924 27
925 27
926 27
927 27
928 27
929 27
930 27
931 27
932 27
933 27
934 27
935 27
936 27
937 27
938 27
939 27
940 27
941 27
942 27
943 27
944 27
945 27
946 27
947 27
948 27
949 27
950 27
951 27
952 27
953 27
954 27
955 27
956 27
957 27
958 27
959 27
960 27
961 27
962 27
963 27
964 27
965 27
966 27
967 28
968 28
969 28
970 28
971 28
972 28
973 28
974 28
975 28
976 28
977 28
978 28
979 28
980 28
981 28
982 28
983 28
984 28
985 28
986 28
987 28
988 28
989 28
990 28
991 28
992 28
993 28
994 28
995 28
996 28
997 28
998 28
999 28
1000 28
1001 28
1002 28
1003 28
1004 28
1005 28
1006 28
1007 28
1008 28
1009 28
1010 28
1011 28
1012 28
1013 28
1014 28
1015 28
1016 28
1017 28
1018 28
1019 28
1020 28
1021 28
1022 28
1023 28
1024 28
1025 29
1026 29
1027 29
1028 29
1029 29
1030 29
1031 29
1032 29
1033 29
1034 29
1035 29
1036 29
1037 29
1038 29
1039 29
1040 29
1041 29
1042 29
1043 29
1044 29
1045 29
1046 29
1047 29
1048 29
1049 29
1050 29
1051 29
1052 29
1053 29
1054 29
1055 29
1056 29
1057 29
1058 29
1059 29
1060 29
1061 29
1062 29
1063 29
1064 29
1065 29
1066 29
1067 29
1068 29
1069 29
1070 29
1071 29
1072 29
1073 29
1074 29
1075 29
1076 29
1077 29
1078 29
1079 29
1080 29
1081 29
1082 29
1083 30
1084 30
1085 30
1086 30
1087 30
1088 30
1089 30
1090 30
1091 30
1092 30
1093 30
1094 30
1095 30
1096 30
1097 30
1098 30
1099 30
1100 30
1101 30
1102 30
1103 30
1104 30
1105 30
1106 30
1107 31
1108 31
1109 31
1110 31
1111 31
1112 31
1113 31
1114 31
1115 31
1116 31
1117 31
1118 31
1119 31
1120 31
1121 31
1122 31
1123 31
1124 31
1125 31
1126 31
1127 31
1128 31
1129 31
1130 31
1131 32
1132 32
1133 32
1134 32
1135 32
1136 32
1137 32
1138 32
1139 32
1140 32
1141 32
1142 32
1143 32
1144 32
1145 32
1146 32
1147 32
1148 32
1149 32
1150 32
1151 32
1152 32
1153 32
1154 32
1155 32
1156 32
1157 32
1158 32
1159 33
1160 33
1161 33
1162 33
1163 33
1164 33
1165 33
1166 33
1167 33
1168 33
1169 33
1170 33
1171 33
1172 33
1173 33
1174 33
1175 33
1176 33
1177 33
1178 33
1179 33
1180 33
1181 33
1182 33
1183 33
1184 33
1185 33
1186 33
1187 34
1188 34
1189 34
1190 34
1191 34
1192 34
1193 34
1194 34
1195 34
1196 34
1197 34
1198 34
1199 34
1200 34
1201 34
1202 34
1203 34
1204 34
1205 34
1206 34
1207 34
1208 34
1209 34
1210 35
1211 35
1212 35
1213 35
1214 35
1215 35
1216 35
1217 35
1218 35
1219 35
1220 35
1221 35
1222 35
1223 35
1224 35
1225 35
1226 35
1227 35
1228 35
1229 35
1230 35
1231 35
1232 35
1233 35
1234 36
1235 36
1236 36
1237 36
1238 36
1239 36
1240 36
1241 36
1242 36
1243 36
1244 36
1245 36
1246 36
1247 36
1248 36
1249 36
1250 36
1251 36
1252 36
1253 36
1254 36
1255 36
1256 36
1257 36
1258 37
1259 37
1260 37
1261 37
1262 37
1263 37
1264 37
1265 37
1266 37
1267 37
1268 37
1269 37
1270 37
1271 37
1272 37
1273 37
1274 37
1275 37
1276 37
1277 37
1278 37
1279 37
1280 37
1281 37
1282 37
1283 37
1284 37
1285 37
1286 38
1287 38
1288 38
1289 38
1290 38
1291 38
1292 38
1293 38
1294 38
1295 38
1296 38
1297 38
1298 38
1299 38
1300 38
1301 38
1302 38
1303 38
1304 38
1305 38
1306 38
1307 38
1308 38
1309 38
1310 39
1311 39
1312 39
1313 39
1314 39
1315 39
1316 39
1317 39
1318 39
1319 39
1320 39
1321 39
1322 39
1323 39
1324 39
1325 39
1326 39
1327 39
1328 39
1329 39
1330 39
1331 39
1332 39
1333 39
1334 40
1335 40
1336 40
1337 40
1338 40
1339 40
1340 40
1341 40
1342 40
1343 40
1344 40
1345 40
1346 40
1347 40
1348 40
1349 40
1350 40
1351 40
1352 40
1353 40
1354 40
1355 40
1356 40
1357 40
1358 41
1359 41
1360 41
1361 41
1362 41
1363 41
1364 41
1365 41
1366 41
1367 41
1368 41
1369 41
1370 41
1371 41
1372 41
1373 41
1374 41
1375 41
1376 41
1377 41
1378 41
1379 41
1380 41
1381 42
1382 42
1383 42
1384 42
1385 42
1386 42
1387 42
1388 42
1389 42
1390 42
1391 42
1392 42
1393 42
1394 42
1395 42
1396 42
1397 42
1398 42
1399 42
1400 42
1401 42
1402 42
1403 42
1404 42
1405 43
1406 43
1407 43
1408 43
1409 43
1410 43
1411 43
1412 43
1413 43
1414 43
1415 43
1416 43
1417 43
1418 43
1419 43
1420 43
1421 43
1422 43
1423 43
1424 43
1425 43
1426 43
1427 43
1428 43
1429 43
1430 43
1431 43
1432 43
1433 43
1434 43
1435 43
1436 43
1437 43
1438 43
1439 43
1440 43
1441 43
1442 43
1443 43
1444 43
1445 43
1446 43
1447 43
1448 43
1449 43
1450 43
1451 43
1452 43
1453 44
1454 44
1455 44
1456 44
1457 44
1458 44
1459 44
1460 44
1461 44
1462 44
1463 44
1464 44
1465 44
1466 44
1467 44
1468 44
1469 44
1470 44
1471 44
1472 44
1473 44
1474 44
1475 44
1476 44
1477 44
1478 44
1479 44
1480 44
1481 44
1482 44
1483 44
1484 44
1485 44
1486 44
1487 44
1488 44
1489 44
1490 44
1491 44
1492 44
1493 44
1494 44
1495 45
1496 45
1497 45
1498 45
1499 45
1500 45
1501 45
1502 45
1503 45
1504 45
1505 45
1506 45
1507 45
1508 45
1509 45
1510 45
1511 45
1512 45
1513 45
1514 45
1515 45
1516 45
1517 45
1518 45
1519 45
1520 45
1521 45
1522 45
1523 46
1524 46
1525 46
1526 46
1527 46
1528 46
1529 46
1530 46
1531 46
1532 46
1533 46
1534 46
1535 46
1536 46
1537 46
1538 46
1539 46
1540 46
1541 46
1542 46
1543 46
1544 46
1545 46
1546 46
1547 46
1548 46
1549 46
1550 46
1551 47
1552 47
1553 47
1554 47
1555 47
1556 47
1557 47
1558 47
1559 47
1560 47
1561 47
1562 47
1563 47
1564 47
1565 47
1566 47
1567 47
1568 47
1569 47
1570 47
1571 47
1572 47
1573 47
1574 47
1575 48
1576 48
1577 48
1578 48
1579 48
1580 48
1581 48
1582 48
1583 48
1584 48
1585 48
1586 48
1587 48
1588 48
1589 48
1590 48
1591 48
1592 48
1593 48
1594 48
1595 49
1596 49
1597 49
1598 49
1599 49
1600 49
1601 49
1602 49
1603 49
1604 49
1605 49
1606 49
1607 49
1608 49
1609 49
1610 49
1611 49
1612 49
1613 49
1614 49
1615 49
1616 49
1617 49
1618 49
1619 50
1620 50
1621 50
1622 50
1623 50
1624 50
1625 50
1626 50
1627 50
1628 50
1629 50
1630 50
1631 50
1632 50
1633 50
1634 50
1635 50
1636 50
1637 50
1638 50
1639 50
1640 50
1641 50
1642 50
1643 51
1644 51
1645 51
1646 51
1647 51
1648 51
1649 51
1650 51
1651 51
1652 51
1653 51
1654 51
1655 51
1656 51
1657 51
1658 51
1659 51
1660 51
1661 51
1662 51
1663 51
1664 51
1665 51
1666 51
1667 52
1668 52
1669 52
1670 52
1671 52
1672 52
1673 52
1674 52
1675 52
1676 52
1677 52
1678 52
1679 52
1680 52
1681 52
1682 52
1683 52
1684 52
1685 52
1686 52
1687 53
1688 53
1689 53
1690 53
1691 53
1692 53
1693 53
1694 53
1695 53
1696 53
1697 53
1698 53
1699 53
1700 53
1701 53
1702 53
1703 53
1704 53
1705 53
1706 53
1707 53
1708 53
1709 53
1710 53
1711 54
1712 54
1713 54
1714 54
1715 54
1716 54
1717 54
1718 54
1719 54
1720 54
1721 54
1722 54
1723 54
1724 54
1725 54
1726 54
1727 54
1728 54
1729 54
1730 54
1731 54
1732 54
1733 54
1734 55
1735 55
1736 55
1737 55
1738 55
1739 55
1740 55
1741 55
1742 55
1743 55
1744 55
1745 55
1746 55
1747 55
1748 55
1749 55
1750 55
1751 55
1752 55
1753 55
1754 55
1755 55
1756 55
1757 55
1758 56
1759 56
1760 56
1761 56
1762 56
1763 56
1764 56
1765 56
1766 56
1767 56
1768 56
1769 56
1770 56
1771 56
1772 56
1773 56
1774 56
1775 56
1776 56
1777 56
1778 56
1779 56
1780 56
1781 56
1782 57
1783 57
1784 57
1785 57
1786 57
1787 57
1788 57
1789 57
1790 57
1791 57
1792 57
1793 57
1794 57
1795 57
1796 57
1797 57
1798 57
1799 57
1800 57
1801 57
1802 57
1803 57
1804 57
1805 58
1806 58
1807 58
1808 58
1809 58
1810 58
1811 58
1812 58
1813 58
1814 58
1815 58
1816 58
1817 58
1818 58
1819 58
1820 58
1821 58
1822 58
1823 58
1824 58
1825 58
1826 58
1827 58
1828 58
1829 59
1830 59
1831 59
1832 59
1833 59
1834 59
1835 59
1836 59
1837 59
1838 59
1839 59
1840 59
1841 59
1842 59
1843 59
1844 59
1845 59
1846 59
1847 59
1848 59
1849 59
1850 59
1851 59
1852 59
1853 60
1854 60
1855 60
1856 60
1857 60
1858 60
1859 60
1860 60
1861 60
1862 60
1863 60
1864 60
1865 60
1866 60
1867 60
1868 60
1869 60
1870 60
1871 60
1872 60
1873 60
1874 60
1875 60
1876 60
1877 61
1878 61
1879 61
1880 61
1881 61
1882 61
1883 61
1884 61
1885 61
1886 61
1887 61
1888 61
1889 61
1890 61
1891 61
1892 61
1893 61
1894 61
1895 61
1896 61
1897 61
1898 61
1899 61
1900 61
1901 61
1902 61
1903 61
1904 61
1905 61
1906 61
1907 61
1908 61
1909 61
1910 61
1911 61
1912 61
1913 61
1914 61
1915 61
1916 61
1917 61
1918 61
1919 61
1920 61
1921 61
1922 61
1923 61
1924 62
1925 62
1926 62
1927 62
1928 62
1929 62
1930 62
1931 62
1932 62
1933 62
1934 62
1935 62
1936 62
1937 62
1938 62
1939 62
1940 62
1941 62
1942 62
1943 62
1944 62
1945 62
1946 62
1947 62
1948 62
1949 62
1950 62
1951 62
1952 62
1953 62
1954 62
1955 62
1956 62
1957 62
1958 62
1959 62
1960 62
1961 62
1962 62
1963 62
1964 62
1965 62
1966 62
1967 62
1968 62
1969 63
1970 63
1971 63
1972 63
1973 63
1974 63
1975 63
1976 63
1977 63
1978 63
1979 63
1980 63
1981 63
1982 63
1983 63
1984 63
1985 63
1986 63
1987 63
1988 63
1989 63
1990 63
1991 63
1992 64
1993 64
1994 64
1995 64
1996 64
1997 64
1998 64
1999 64
2000 64
2001 64
2002 64
2003 64
2004 64
2005 64
2006 64
2007 64
2008 64
2009 64
2010 64
2011 64
2012 64
2013 64
2014 64
2015 65
2016 65
2017 65
2018 65
2019 65
2020 65
2021 65
2022 65
2023 65
2024 65
2025 65
2026 65
2027 65
2028 65
2029 65
2030 65
2031 65
2032 65
2033 65
2034 65
2035 65
2036 65
2037 65
2038 65
2039 65
2040 65
2041 65
2042 65
2043 65
2044 65
2045 65
2046 65
2047 65
2048 65
2049 65
2050 65
2051 65
2052 65
2053 65
2054 65
2055 65
2056 65
2057 65
2058 65
2059 65
2060 65
2061 65
2062 65
2063 66
2064 66
2065 66
2066 66
2067 66
2068 66
2069 66
2070 66
2071 66
2072 66
2073 66
2074 66
2075 66
2076 66
2077 66
2078 66
2079 66
2080 66
2081 66
2082 66
2083 66
2084 66
2085 66
2086 66
2087 66
2088 66
2089 66
2090 66
2091 66
2092 66
2093 66
2094 66
2095 66
2096 66
2097 66
2098 66
2099 66
2100 66
2101 66
2102 66
2103 66
2104 66
2105 66
2106 66
2107 66
2108 66
2109 66
2110 67
2111 67
2112 67
2113 67
2114 67
2115 67
2116 67
2117 67
2118 67
2119 67
2120 67
2121 67
2122 67
2123 67
2124 67
2125 67
2126 67
2127 67
2128 67
2129 67
2130 67
2131 67
2132 67
2133 67
2134 67
2135 67
2136 67
2137 67
2138 67
2139 67
2140 67
2141 67
2142 67
2143 67
2144 67
2145 67
2146 67
2147 67
2148 67
2149 67
2150 67
2151 68
2152 68
2153 68
2154 68
2155 68
2156 68
2157 68
2158 68
2159 68
2160 68
2161 68
2162 68
2163 68
2164 68
2165 68
2166 68
2167 68
2168 68
2169 68
2170 68
2171 68
2172 68
2173 68
2174 68
2175 69
2176 69
2177 69
2178 69
2179 69
2180 69
2181 69
2182 69
2183 69
2184 69
2185 69
2186 69
2187 69
2188 69
2189 69
2190 69
2191 69
2192 69
2193 69
2194 69
2195 69
2196 69
2197 69
2198 69
2199 70
2200 70
2201 70
2202 70
2203 70
2204 70
2205 70
2206 70
2207 70
2208 70
2209 70
2210 70
2211 70
2212 70
2213 70
2214 70
2215 70
2216 70
2217 70
2218 70
2219 70
2220 70
2221 70
2222 70
2223 71
2224 71
2225 71
2226 71
2227 71
2228 71
2229 71
2230 71
2231 71
2232 71
2233 71
2234 71
2235 71
2236 71
2237 71
2238 71
2239 71
2240 71
2241 71
2242 71
2243 71
2244 71
2245 71
2246 71
2247 72
2248 72
2249 72
2250 72
2251 72
2252 72
2253 72
2254 72
2255 72
2256 72
2257 72
2258 72
2259 72
2260 72
2261 72
2262 72
2263 72
2264 72
2265 72
2266 72
2267 72
2268 72
2269 72
2270 72
2271 72
2272 72
2273 72
2274 72
2275 72
2276 72
2277 72
2278 72
2279 72
2280 72
2281 72
2282 72
2283 72
2284 72
2285 72
2286 72
2287 72
2288 72
2289 72
2290 72
2291 72
2292 72
2293 72
2294 72
2295 72
2296 72
2297 72
2298 72
2299 72
2300 72
2301 72
2302 72
2303 72
2304 72
2305 73
2306 73
2307 73
2308 73
2309 73
2310 73
2311 73
2312 73
2313 73
2314 73
2315 73
2316 73
2317 73
2318 73
2319 73
2320 73
2321 73
2322 73
2323 73
2324 73
2325 73
2326 73
2327 73
2328 73
2329 73
2330 73
2331 73
2332 73
2333 73
2334 73
2335 73
2336 73
2337 73
2338 73
2339 73
2340 73
2341 73
2342 73
2343 73
2344 73
2345 73
2346 73
2347 73
2348 73
2349 73
2350 73
2351 73
2352 73
2353 73
2354 73
2355 73
2356 73
2357 73
2358 73
2359 73
2360 73
2361 73
2362 73
2363 74
2364 74
2365 74
2366 74
2367 74
2368 74
2369 74
2370 74
2371 74
2372 74
2373 74
2374 74
2375 74
2376 74
2377 74
2378 74
2379 74
2380 74
2381 74
2382 74
2383 74
2384 74
2385 74
2386 74
2387 75
2388 75
2389 75
2390 75
2391 75
2392 75
2393 75
2394 75
2395 75
2396 75
2397 75
2398 75
2399 75
2400 75
2401 75
2402 75
2403 75
2404 75
2405 75
2406 75
2407 75
2408 75
2409 75
2410 75
2411 76
2412 76
2413 76
2414 76
2415 76
2416 76
2417 76
2418 76
2419 76
2420 76
2421 76
2422 76
2423 76
2424 76
2425 76
2426 76
2427 76
2428 76
2429 76
2430 76
2431 76
2432 76
2433 76
2434 76
2435 77
2436 77
2437 77
2438 77
2439 77
2440 77
2441 77
2442 77
2443 77
2444 77
2445 77
2446 77
2447 77
2448 77
2449 77
2450 77
2451 77
2452 77
2453 77
2454 77
2455 77
2456 77
2457 77
2458 77
2459 78
2460 78
2461 78
2462 78
2463 78
2464 78
2465 78
2466 78
2467 78
2468 78
2469 78
2470 78
2471 78
2472 78
2473 78
2474 78
2475 78
2476 78
2477 78
2478 78
2479 78
2480 78
2481 78
2482 78
2483 79
2484 79
2485 79
2486 79
2487 79
2488 79
2489 79
2490 79
2491 79
2492 79
2493 79
2494 79
2495 79
2496 79
2497 79
2498 79
2499 79
2500 79
2501 79
2502 79
2503 79
2504 79
2505 79
2506 80
2507 80
2508 80
2509 80
2510 80
2511 80
2512 80
2513 80
2514 80
2515 80
2516 80
2517 80
2518 80
2519 80
2520 80
2521 80
2522 80
2523 80
2524 80
2525 80
2526 80
2527 80
2528 80
2529 80
2530 81
2531 81
2532 81
2533 81
2534 81
2535 81
2536 81
2537 81
2538 81
2539 81
2540 81
2541 81
2542 81
2543 81
2544 81
2545 81
2546 81
2547 81
2548 81
2549 81
2550 81
2551 81
2552 81
2553 81
2554 82
2555 82
2556 82
2557 82
2558 82
2559 82
2560 82
2561 82
2562 82
2563 82
2564 82
2565 82
2566 82
2567 82
2568 82
2569 82
2570 82
2571 82
2572 82
2573 82
2574 82
2575 82
2576 82
2577 82
2578 82
2579 82
2580 82
2581 82
2582 82
2583 82
2584 82
2585 82
2586 82
2587 82
2588 82
2589 82
2590 82
2591 82
2592 82
2593 82
2594 82
2595 82
2596 82
2597 82
2598 82
2599 82
2600 82
2601 82
2602 83
2603 83
2604 83
2605 83
2606 83
2607 83
2608 83
2609 83
2610 83
2611 83
2612 83
2613 83
2614 83
2615 83
2616 83
2617 83
2618 83
2619 83
2620 83
2621 83
2622 83
2623 83
2624 83
2625 83
2626 83
2627 83
2628 83
2629 83
2630 83
2631 83
2632 83
2633 83
2634 83
2635 83
2636 83
2637 83
2638 83
2639 83
2640 83
2641 83
2642 83
2643 83
2644 83
2645 83
2646 83
2647 83
2648 83
2649 83
2650 83
2651 83
2652 83
2653 83
2654 83
2655 83
2656 83
2657 83
2658 83
2659 83
2660 83
2661 84
2662 84
2663 84
2664 84
2665 84
2666 84
2667 84
2668 84
2669 84
2670 84
2671 84
2672 84
2673 84
2674 84
2675 84
2676 84
2677 84
2678 84
2679 84
2680 84
2681 84
2682 84
2683 84
2684 84
2685 84
2686 84
2687 84
2688 84
2689 84
2690 84
2691 84
2692 84
2693 84
2694 84
2695 84
2696 84
2697 84
2698 84
2699 84
2700 84
2701 84
2702 84
2703 84
2704 84
2705 84
2706 84
2707 84
2708 84
2709 84
2710 84
2711 84
2712 84
2713 84
2714 84
2715 84
2716 84
2717 84
2718 84
2719 84
2720 85
2721 85
2722 85
2723 85
2724 85
2725 85
2726 85
2727 85
2728 85
2729 85
2730 85
2731 85
2732 85
2733 85
2734 85
2735 85
2736 85
2737 85
2738 85
2739 85
2740 86
2741 86
2742 86
2743 86
2744 86
2745 86
2746 86
2747 86
2748 86
2749 86
2750 86
2751 86
2752 86
2753 86
2754 86
2755 86
2756 86
2757 86
2758 86
2759 86
2760 87
2761 87
2762 87
2763 87
2764 87
2765 87
2766 87
2767 87
2768 87
2769 87
2770 87
2771 87
2772 87
2773 87
2774 87
2775 87
2776 87
2777 87
2778 87
2779 87
2780 87
2781 87
2782 87
2783 87
2784 87
2785 87
2786 87
2787 87
2788 87
2789 87
2790 87
2791 87
2792 87
2793 87
2794 87
2795 87
2796 87
2797 87
2798 87
2799 87
2800 88
2801 88
2802 88
2803 88
2804 88
2805 88
2806 88
2807 88
2808 88
2809 88
2810 88
2811 88
2812 88
2813 88
2814 88
2815 88
2816 88
2817 88
2818 88
2819 88
2820 88
2821 88
2822 88
2823 88
2824 88
2825 88
2826 88
2827 88
2828 88
2829 88
2830 88
2831 88
2832 88
2833 88
2834 88
2835 88
2836 88
2837 88
2838 88
2839 88
2840 89
2841 89
2842 89
2843 89
2844 89
2845 89
2846 89
2847 89
2848 89
2849 89
2850 89
2851 90
2852 90
2853 90
2854 90
2855 90
2856 90
2857 90
2858 90
2859 90
2860 90
2861 90
2862 90
2863 91
2864 91
2865 91
2866 91
2867 91
2868 91
2869 91
2870 91
2871 91
2872 91
2873 91
2874 91
2875 92
2876 92
2877 92
2878 92
2879 92
2880 92
2881 92
2882 92
2883 92
2884 92
2885 92
2886 92
2887 93
2888 93
2889 93
2890 93
2891 93
2892 93
2893 93
2894 93
2895 93
2896 93
2897 93
2898 93
2899 93
2900 93
2901 93
2902 93
2903 94
2904 94
2905 94
2906 94
2907 94
2908 94
2909 94
2910 94
2911 94
2912 94
2913 95
2914 95
2915 95
2916 95
2917 95
2918 95
2919 95
2920 95
2921 95
2922 95
2923 95
2924 95
2925 96
2926 96
2927 96
2928 96
2929 96
2930 96
2931 96
2932 96
2933 96
2934 96
2935 96
2936 96
2937 96
2938 96
2939 96
2940 96
2941 96
2942 96
2943 96
2944 96
2945 96
2946 96
2947 96
2948 96
2949 96
2950 96
2951 96
2952 96
2953 96
2954 96
2955 96
2956 96
2957 96
2958 96
2959 96
2960 96
2961 96
2962 97
2963 97
2964 97
2965 97
2966 97
2967 97
2968 97
2969 97
2970 97
2971 97
2972 97
2973 97
2974 97
2975 97
2976 97
2977 97
2978 97
2979 97
2980 97
2981 97
2982 97
2983 97
2984 97
2985 97
2986 97
2987 97
2988 97
2989 97
2990 97
2991 97
2992 97
2993 97
2994 97
2995 97
2996 97
2997 97
2998 97
2999 97
3000 97
3001 97
3002 98
3003 98
3004 98
3005 98
3006 98
3007 98
3008 98
3009 98
3010 98
3011 98
3012 98
3013 98
3014 99
3015 99
3016 99
3017 99
3018 99
3019 99
3020 99
3021 99
3022 99
3023 99
3024 99
3025 99
3026 100
3027 100
3028 100
3029 100
3030 100
3031 100
3032 100
3033 100
3034 100
3035 100
3036 100
3037 100
3038 101
3039 101
3040 101
3041 101
3042 101
3043 101
3044 101
3045 101
3046 101
3047 101
3048 101
3049 101
3050 101
3051 101
3052 101
3053 101
3054 102
3055 102
3056 102
3057 102
3058 102
3059 102
3060 102
3061 102
3062 102
3063 102
3064 102
3065 102
3066 102
3067 102
3068 102
3069 102
3070 103
3071 103
3072 103
3073 103
3074 103
3075 103
3076 103
3077 103
3078 103
3079 103
3080 103
3081 103
3082 104
3083 104
3084 104
3085 104
3086 104
3087 104
3088 104
3089 104
3090 104
3091 104
3092 104
3093 104
3094 105
3095 105
3096 105
3097 105
3098 105
3099 105
3100 105
3101 105
3102 105
3103 105
3104 105
3105 105
3106 105
3107 105
3108 105
3109 105
3110 106
3111 106
3112 106
3113 106
3114 106
3115 106
3116 106
3117 106
3118 106
3119 106
3120 106
3121 106
3122 106
3123 106
3124 106
3125 106
3126 107
3127 107
3128 107
3129 107
3130 107
3131 107
3132 107
3133 107
3134 107
3135 107
3136 107
3137 107
3138 107
3139 107
3140 107
3141 107
3142 107
3143 107
3144 107
3145 107
3146 107
3147 107
3148 107
3149 107
3150 107
3151 107
3152 107
3153 107
3154 107
3155 107
3156 107
3157 107
3158 107
3159 107
3160 107
3161 107
3162 108
3163 108
3164 108
3165 108
3166 108
3167 108
3168 108
3169 108
3170 108
3171 108
3172 108
3173 108
3174 108
3175 108
3176 108
3177 108
3178 108
3179 108
3180 108
3181 108
3182 108
3183 108
3184 108
3185 108
3186 108
3187 108
3188 108
3189 108
3190 108
3191 108
3192 108
3193 108
3194 108
3195 108
3196 108
3197 108
3198 109
3199 109
3200 109
3201 109
3202 109
3203 109
3204 109
3205 109
3206 109
3207 109
3208 109
3209 109
3210 109
3211 109
3212 109
3213 109
3214 109
3215 109
3216 109
3217 109
3218 109
3219 109
3220 109
3221 109
3222 109
3223 109
3224 109
3225 109
3226 109
3227 109
3228 109
3229 109
3230 109
3231 109
3232 109
3233 109
3234 109
3235 109
3236 109
3237 109
3238 110
3239 110
3240 110
3241 110
3242 110
3243 110
3244 110
3245 110
3246 110
3247 110
3248 110
3249 110
3250 110
3251 110
3252 110
3253 110
3254 110
3255 110
3256 110
3257 110
3258 110
3259 110
3260 110
3261 110
3262 110
3263 110
3264 110
3265 110
3266 110
3267 110
3268 110
3269 110
3270 110
3271 110
3272 110
3273 110
3274 110
3275 110
3276 110
3277 110
3278 111
3279 111
3280 111
3281 111
3282 111
3283 111
3284 111
3285 111
3286 111
3287 111
3288 111
3289 111
3290 112
3291 112
3292 112
3293 112
3294 112
3295 112
3296 112
3297 112
3298 112
3299 112
3300 112
3301 112
3302 113
3303 113
3304 113
3305 113
3306 113
3307 113
3308 113
3309 113
3310 113
3311 113
3312 113
3313 113
3314 113
3315 113
3316 113
3317 113
3318 113
3319 113
3320 113
3321 113
3322 113
3323 113
3324 113
3325 113
3326 113
3327 113
3328 113
3329 113
3330 113
3331 113
3332 113
3333 113
3334 113
3335 113
3336 113
3337 113
3338 113
3339 113
3340 113
3341 113
3342 113
3343 113
3344 113
3345 113
3346 113
3347 114
3348 114
3349 114
3350 114
3351 114
3352 114
3353 114
3354 114
3355 114
3356 114
3357 114
3358 114
3359 114
3360 114
3361 114
3362 114
3363 114
3364 114
3365 114
3366 114
3367 114
3368 114
3369 114
3370 114
3371 114
3372 114
3373 114
3374 114
3375 114
3376 114
3377 114
3378 114
3379 114
3380 114
3381 114
3382 114
3383 114
3384 114
3385 114
3386 114
3387 114
3388 114
3389 114
3390 114
3391 114
3392 114
3393 115
3394 115
3395 115
3396 115
3397 115
3398 115
3399 115
3400 115
3401 115
3402 115
3403 115
3404 115
3405 115
3406 115
3407 115
3408 115
3409 115
3410 115
3411 115
3412 115
3413 115
3414 115
3415 115
3416 115
3417 116
3418 116
3419 116
3420 116
3421 116
3422 116
3423 116
3424 116
3425 116
3426 116
3427 116
3428 116
3429 116
3430 116
3431 116
3432 116
3433 116
3434 116
3435 116
3436 116
3437 116
3438 116
3439 116
3440 116
3441 117
3442 117
3443 117
3444 117
3445 117
3446 117
3447 117
3448 117
3449 117
3450 117
3451 117
3452 117
3453 117
3454 117
3455 117
3456 117
3457 117
3458 117
3459 117
3460 117
3461 117
3462 117
3463 117
3464 117
3465 118
3466 118
3467 118
3468 118
3469 118
3470 118
3471 118
3472 118
3473 118
3474 118
3475 118
3476 118
3477 118
3478 118
3479 118
3480 118
3481 118
3482 118
3483 118
3484 118
3485 118
3486 118
3487 118
3488 118
3489 119
3490 119
3491 119
3492 119
3493 119
3494 119
3495 119
3496 119
3497 119
3498 119
3499 119
3500 119
3501 119
3502 119
3503 119
3504 119
3505 119
3506 119
3507 119
3508 119
3509 119
3510 119
3511 119
3512 119
3513 119
3514 119
3515 119
3516 119
3517 120
3518 120
3519 120
3520 120
3521 120
3522 120
3523 120
3524 120
3525 120
3526 120
3527 120
3528 120
3529 120
3530 120
3531 120
3532 120
3533 120
3534 120
3535 120
3536 120
3537 120
3538 120
3539 120
3540 120
3541 120
3542 120
3543 120
3544 120
3545 121
3546 121
3547 121
3548 121
3549 121
3550 121
3551 121
3552 121
3553 121
3554 121
3555 121
3556 121
3557 121
3558 121
3559 121
3560 121
3561 121
3562 121
3563 121
3564 121
3565 121
3566 121
3567 121
3568 121
3569 121
3570 121
3571 121
3572 121
3573 122
3574 122
3575 122
3576 122
3577 122
3578 122
3579 122
3580 122
3581 122
3582 122
3583 122
3584 122
3585 122
3586 122
3587 122
3588 122
3589 122
3590 122
3591 122
3592 122
3593 122
3594 122
3595 122
3596 122
3597 122
3598 122
3599 122
3600 122
3601 123
3602 123
3603 123
3604 123
3605 123
3606 123
3607 123
3608 123
3609 123
3610 123
3611 123
3612 123
3613 123
3614 123
3615 123
3616 123
3617 123
3618 123
3619 123
3620 123
3621 123
3622 123
3623 123
3624 123
3625 124
3626 124
3627 124
3628 124
3629 124
3630 124
3631 124
3632 124
3633 124
3634 124
3635 124
3636 124
3637 124
3638 124
3639 124
3640 124
3641 124
3642 124
3643 124
3644 124
3645 124
3646 124
3647 124
3648 124
3649 125
3650 125
3651 125
3652 125
3653 125
3654 125
3655 125
3656 125
3657 125
3658 125
3659 125
3660 125
3661 125
3662 125
3663 125
3664 125
3665 125
3666 125
3667 125
3668 125
3669 125
3670 125
3671 125
3672 125
3673 125
3674 125
3675 125
3676 125
3677 126
3678 126
3679 126
3680 126
3681 126
3682 126
3683 126
3684 126
3685 126
3686 126
3687 126
3688 126
3689 126
3690 126
3691 126
3692 126
3693 126
3694 126
3695 126
3696 126
3697 126
3698 126
3699 126
3700 126
3701 126
3702 126
3703 126
3704 126
3705 127
3706 127
3707 127
3708 127
3709 127
3710 127
3711 127
3712 127
3713 127
3714 127
3715 127
3716 127
3717 127
3718 127
3719 127
3720 127
3721 127
3722 127
3723 127
3724 127
3725 127
3726 127
3727 127
3728 127
3729 128
3730 128
3731 128
3732 128
3733 128
3734 128
3735 128
3736 128
3737 128
3738 128
3739 128
3740 128
3741 128
3742 128
3743 128
3744 128
3745 128
3746 128
3747 128
3748 128
3749 128
3750 128
3751 128
3752 128
3753 129
3754 129
3755 129
3756 129
3757 129
3758 129
3759 129
3760 129
3761 129
3762 129
3763 129
3764 129
3765 129
3766 129
3767 129
3768 129
3769 129
3770 129
3771 129
3772 129
3773 129
3774 129
3775 129
3776 129
3777 129
3778 129
3779 129
3780 129
3781 129
3782 129
3783 129
3784 129
3785 129
3786 129
3787 129
3788 129
3789 130
3790 130
3791 130
3792 130
3793 130
3794 130
3795 130
3796 130
3797 130
3798 130
3799 130
3800 130
3801 130
3802 130
3803 130
3804 130
3805 130
3806 130
3807 130
3808 130
3809 130
3810 130
3811 130
3812 130
3813 130
3814 130
3815 130
3816 130
3817 130
3818 130
3819 130
3820 130
3821 130
3822 130
3823 130
3824 130
3825 131
3826 131
3827 131
3828 131
3829 131
3830 131
3831 131
3832 131
3833 131
3834 131
3835 131
3836 131
3837 131
3838 131
3839 131
3840 131
3841 131
3842 131
3843 131
3844 131
3845 131
3846 131
3847 131
3848 131
3849 131
3850 131
3851 131
3852 131
3853 132
3854 132
3855 132
3856 132
3857 132
3858 132
3859 132
3860 132
3861 132
3862 132
3863 132
3864 132
3865 132
3866 132
3867 132
3868 132
3869 132
3870 132
3871 132
3872 132
3873 132
3874 132
3875 132
3876 132
3877 132
3878 132
3879 132
3880 133
3881 133
3882 133
3883 133
3884 133
3885 133
3886 133
3887 133
3888 133
3889 133
3890 133
3891 133
3892 133
3893 133
3894 133
3895 133
3896 133
3897 133
3898 133
3899 133
3900 133
3901 133
3902 133
3903 133
3904 133
3905 133
3906 133
3907 133
3908 134
3909 134
3910 134
3911 134
3912 134
3913 134
3914 134
3915 134
3916 134
3917 134
3918 134
3919 134
3920 134
3921 134
3922 134
3923 134
3924 134
3925 134
3926 134
3927 134
3928 134
3929 134
3930 134
3931 134
3932 134
3933 134
3934 134
3935 134
3936 135
3937 135
3938 135
3939 135
3940 135
3941 135
3942 135
3943 135
3944 135
3945 135
3946 135
3947 135
3948 136
3949 136
3950 136
3951 136
3952 136
3953 136
3954 136
3955 136
3956 136
3957 136
3958 136
3959 136
3960 136
3961 136
3962 136
3963 136
3964 136
3965 136
3966 136
3967 136
3968 136
3969 136
3970 136
3971 136
3972 136
3973 136
3974 136
3975 136
3976 136
3977 136
3978 136
3979 136
3980 137
3981 137
3982 137
3983 137
3984 137
3985 137
3986 137
3987 137
3988 137
3989 137
3990 137
3991 137
3992 137
3993 137
3994 137
3995 137
3996 137
3997 137
3998 137
3999 137
4000 137
4001 137
4002 137
4003 137
4004 137
4005 137
4006 137
4007 137
4008 138
4009 138
4010 138
4011 138
4012 138
4013 138
4014 138
4015 138
4016 138
4017 138
4018 138
4019 138
4020 138
4021 138
4022 138
4023 138
4024 138
4025 138
4026 138
4027 138
4028 138
4029 138
4030 138
4031 138
4032 139
4033 139
4034 139
4035 139
4036 139
4037 139
4038 139
4039 139
4040 139
4041 139
4042 139
4043 139
4044 139
4045 139
4046 139
4047 139
4048 139
4049 139
4050 139
4051 139
4052 139
4053 139
4054 139
4055 139
4056 139
4057 139
4058 139
4059 139
4060 140
4061 140
4062 140
4063 140
4064 140
4065 140
4066 140
4067 140
4068 140
4069 140
4070 140
4071 140
4072 140
4073 140
4074 140
4075 140
4076 140
4077 140
4078 140
4079 140
4080 140
4081 140
4082 140
4083 140
4084 140
4085 140
4086 140
4087 140
4088 141
4089 141
4090 141
4091 141
4092 141
4093 141
4094 141
4095 141
4096 141
4097 141
4098 141
4099 141
4100 141
4101 141
4102 141
4103 141
4104 141
4105 141
4106 141
4107 141
4108 141
4109 141
4110 141
4111 141
4112 141
4113 141
4114 141
4115 141
4116 142
4117 142
4118 142
4119 142
4120 142
4121 142
4122 142
4123 142
4124 142
4125 142
4126 142
4127 142
4128 142
4129 142
4130 142
4131 142
4132 142
4133 142
4134 142
4135 142
4136 142
4137 142
4138 142
4139 142
4140 142
4141 142
4142 142
4143 142
4144 143
4145 143
4146 143
4147 143
4148 143
4149 143
4150 143
4151 143
4152 143
4153 143
4154 143
4155 143
4156 143
4157 143
4158 143
4159 143
4160 143
4161 143
4162 143
4163 143
4164 143
4165 143
4166 143
4167 143
4168 144
4169 144
4170 144
4171 144
4172 144
4173 144
4174 144
4175 144
4176 144
4177 144
4178 144
4179 144
4180 144
4181 144
4182 144
4183 144
4184 144
4185 144
4186 144
4187 144
4188 144
4189 144
4190 144
4191 144
4192 145
4193 145
4194 145
4195 145
4196 145
4197 145
4198 145
4199 145
4200 145
4201 145
4202 145
4203 145
4204 145
4205 145
4206 145
4207 145
4208 145
4209 145
4210 145
4211 145
4212 145
4213 145
4214 145
4215 145
4216 145
4217 145
4218 146
4219 146
4220 146
4221 146
4222 146
4223 146
4224 146
4225 146
4226 146
4227 146
4228 146
4229 146
4230 146
4231 146
4232 146
4233 146
4234 146
4235 146
4236 146
4237 146
4238 146
4239 146
4240 146
4241 146
4242 146
4243 146
4244 146
4245 146
4246 147
4247 147
4248 147
4249 147
4250 147
4251 147
4252 147
4253 147
4254 147
4255 147
4256 147
4257 147
4258 147
4259 147
4260 147
4261 147
4262 147
4263 147
4264 147
4265 147
4266 147
4267 147
4268 147
4269 147
4270 148
4271 148
4272 148
4273 148
4274 148
4275 148
4276 148
4277 148
4278 148
4279 148
4280 148
4281 148
4282 148
4283 148
4284 148
4285 148
4286 148
4287 148
4288 148
4289 148
4290 148
4291 148
4292 148
4293 148
4294 149
4295 149
4296 149
4297 149
4298 149
4299 149
4300 149
4301 149
4302 149
4303 149
4304 149
4305 149
4306 149
4307 149
4308 149
4309 149
4310 149
4311 149
4312 149
4313 149
4314 149
4315 149
4316 149
4317 149
4318 149
4319 149
4320 149
4321 149
4322 150
4323 150
4324 150
4325 150
4326 150
4327 150
4328 150
4329 150
4330 150
4331 150
4332 150
4333 150
4334 150
4335 150
4336 150
4337 150
4338 150
4339 150
4340 150
4341 150
4342 150
4343 150
4344 150
4345 150
4346 150
4347 150
4348 150
4349 150
4350 151
4351 151
4352 151
4353 151
4354 151
4355 151
4356 151
4357 151
4358 151
4359 151
4360 151
4361 151
4362 151
4363 151
4364 151
4365 151
4366 151
4367 151
4368 151
4369 151
4370 151
4371 151
4372 151
4373 151
4374 151
4375 151
4376 151
4377 151
4378 151
4379 151
4380 151
4381 151
4382 152
4383 152
4384 152
4385 152
4386 152
4387 152
4388 152
4389 152
4390 152
4391 152
4392 152
4393 152
4394 152
4395 152
4396 152
4397 152
4398 152
4399 152
4400 152
4401 152
4402 152
4403 152
4404 152
4405 152
4406 152
4407 152
4408 152
4409 152
4410 152
4411 152
4412 152
4413 153
4414 153
4415 153
4416 153
4417 153
4418 153
4419 153
4420 153
4421 153
4422 153
4423 153
4424 153
4425 153
4426 153
4427 153
4428 153
4429 153
4430 153
4431 153
4432 153
4433 153
4434 153
4435 153
4436 153
4437 153
4438 153
4439 153
4440 153
4441 154
4442 154
4443 154
4444 154
4445 154
4446 154
4447 154
4448 154
4449 154
4450 154
4451 154
4452 154
4453 154
4454 154
4455 154
4456 154
4457 154
4458 154
4459 154
4460 154
4461 154
4462 154
4463 154
4464 154
4465 154
4466 154
4467 154
4468 154
4469 155
4470 155
4471 155
4472 155
4473 155
4474 155
4475 155
4476 155
4477 155
4478 155
4479 155
4480 155
4481 155
4482 155
4483 155
4484 155
4485 155
4486 155
4487 155
4488 155
4489 155
4490 155
4491 155
4492 155
4493 155
4494 155
4495 155
4496 155
4497 156
4498 156
4499 156
4500 156
4501 156
4502 156
4503 156
4504 156
4505 156
4506 156
4507 156
4508 156
4509 156
4510 156
4511 156
4512 156
4513 156
4514 156
4515 156
4516 156
4517 156
4518 156
4519 156
4520 156
4521 156
4522 156
4523 156
4524 156
4525 157
4526 157
4527 157
4528 157
4529 157
4530 157
4531 157
4532 157
4533 157
4534 157
4535 157
4536 157
4537 157
4538 157
4539 157
4540 157
4541 157
4542 157
4543 157
4544 157
4545 157
4546 157
4547 157
4548 157
4549 157
4550 157
4551 157
4552 157
4553 158
4554 158
4555 158
4556 158
4557 158
4558 158
4559 158
4560 158
4561 158
4562 158
4563 158
4564 158
4565 158
4566 158
4567 158
4568 158
4569 158
4570 158
4571 158
4572 158
4573 158
4574 158
4575 158
4576 158
4577 159
4578 159
4579 159
4580 159
4581 159
4582 159
4583 159
4584 159
4585 159
4586 159
4587 159
4588 159
4589 159
4590 159
4591 159
4592 159
4593 159
4594 159
4595 159
4596 159
4597 159
4598 159
4599 159
4600 159
4601 159
4602 159
4603 159
4604 159
4605 160
4606 160
4607 160
4608 160
4609 160
4610 160
4611 160
4612 160
4613 160
4614 160
4615 160
4616 160
4617 160
4618 160
4619 160
4620 160
4621 160
4622 160
4623 160
4624 160
4625 160
4626 160
4627 160
4628 160
4629 160
4630 160
4631 160
4632 160
4633 161
4634 161
4635 161
4636 161
4637 161
4638 161
4639 161
4640 161
4641 161
4642 161
4643 161
4644 161
4645 161
4646 161
4647 161
4648 161
4649 161
4650 161
4651 161
4652 161
4653 161
4654 161
4655 161
4656 161
4657 161
4658 161
4659 161
4660 161
4661 162
4662 162
4663 162
4664 162
4665 162
4666 162
4667 162
4668 162
4669 162
4670 162
4671 162
4672 162
4673 162
4674 162
4675 162
4676 162
4677 162
4678 162
4679 162
4680 162
4681 162
4682 162
4683 162
4684 162
4685 162
4686 162
4687 162
4688 162
4689 163
4690 163
4691 163
4692 163
4693 163
4694 163
4695 163
4696 163
4697 163
4698 163
4699 163
4700 163
4701 163
4702 163
4703 163
4704 163
4705 163
4706 163
4707 163
4708 163
4709 163
4710 163
4711 163
4712 163
4713 163
4714 163
4715 163
4716 163
4717 164
4718 164
4719 164
4720 164
4721 164
4722 164
4723 164
4724 164
4725 164
4726 164
4727 164
4728 164
4729 164
4730 164
4731 164
4732 164
4733 164
4734 164
4735 164
4736 164
4737 164
4738 164
4739 164
4740 164
4741 164
4742 164
4743 164
4744 164
4745 165
4746 165
4747 165
4748 165
4749 165
4750 165
4751 165
4752 165
4753 165
4754 165
4755 165
4756 165
4757 165
4758 165
4759 165
4760 165
4761 165
4762 165
4763 165
4764 165
4765 165
4766 165
4767 165
4768 165
4769 166
4770 166
4771 166
4772 166
4773 166
4774 166
4775 166
4776 166
4777 166
4778 166
4779 166
4780 166
4781 166
4782 166
4783 166
4784 166
4785 166
4786 166
4787 166
4788 166
4789 166
4790 166
4791 166
4792 167
4793 167
4794 167
4795 167
4796 167
4797 167
4798 167
4799 167
4800 167
4801 167
4802 167
4803 167
4804 167
4805 167
4806 167
4807 167
4808 167
4809 167
4810 167
4811 167
4812 167
4813 167
4814 167
4815 167
4816 168
4817 168
4818 168
4819 168
4820 168
4821 168
4822 168
4823 168
4824 168
4825 168
4826 168
4827 168
4828 168
4829 168
4830 168
4831 168
4832 168
4833 168
4834 168
4835 168
4836 168
4837 168
4838 168
4839 168
4840 169
4841 169
4842 169
4843 169
4844 169
4845 169
4846 169
4847 169
4848 169
4849 169
4850 169
4851 169
4852 169
4853 169
4854 169
4855 169
4856 169
4857 169
4858 169
4859 169
4860 169
4861 169
4862 169
4863 169
4864 170
4865 170
4866 170
4867 170
4868 170
4869 170
4870 170
4871 170
4872 170
4873 170
4874 170
4875 170
4876 170
4877 170
4878 170
4879 170
4880 170
4881 170
4882 170
4883 170
4884 170
4885 170
4886 170
4887 170
4888 171
4889 171
4890 171
4891 171
4892 171
4893 171
4894 171
4895 171
4896 171
4897 171
4898 171
4899 171
4900 171
4901 171
4902 171
4903 171
4904 171
4905 171
4906 171
4907 171
4908 171
4909 171
4910 171
4911 171
4912 171
4913 171
4914 171
4915 171
4916 171
4917 171
4918 171
4919 171
4920 172
4921 172
4922 172
4923 172
4924 172
4925 172
4926 172
4927 172
4928 172
4929 172
4930 172
4931 172
4932 172
4933 172
4934 172
4935 172
4936 172
4937 172
4938 172
4939 172
4940 172
4941 172
4942 172
4943 172
4944 172
4945 172
4946 172
4947 172
4948 172
4949 172
4950 172
4951 172
4952 173
4953 173
4954 173
4955 173
4956 173
4957 173
4958 173
4959 173
4960 173
4961 173
4962 173
4963 173
4964 173
4965 173
4966 173
4967 173
4968 173
4969 173
4970 173
4971 173
4972 173
4973 173
4974 174
4975 174
4976 174
4977 174
4978 174
4979 174
4980 174
4981 174
4982 174
4983 174
4984 174
4985 174
4986 174
4987 174
4988 174
4989 174
4990 174
4991 174
4992 174
4993 174
4994 174
4995 174
4996 174
4997 174
4998 175
4999 175
5000 175
5001 175
5002 175
5003 175
5004 175
5005 175
5006 175
5007 175
5008 175
5009 175
5010 175
5011 175
5012 175
5013 175
5014 175
5015 175
5016 175
5017 175
5018 175
5019 175
5020 175
5021 175
5022 175
5023 175
5024 175
5025 175
5026 175
5027 175
5028 175
5029 175
5030 176
5031 176
5032 176
5033 176
5034 176
5035 176
5036 176
5037 176
5038 176
5039 176
5040 176
5041 176
5042 176
5043 176
5044 176
5045 176
5046 176
5047 176
5048 176
5049 176
5050 176
5051 176
5052 176
5053 176
5054 176
5055 176
5056 176
5057 176
5058 176
5059 176
5060 176
5061 176
5062 177
5063 177
5064 177
5065 177
5066 177
5067 177
5068 177
5069 177
5070 177
5071 177
5072 177
5073 177
5074 177
5075 177
5076 177
5077 177
5078 177
5079 177
5080 177
5081 177
5082 177
5083 177
5084 177
5085 177
5086 178
5087 178
5088 178
5089 178
5090 178
5091 178
5092 178
5093 178
5094 178
5095 178
5096 178
5097 178
5098 178
5099 178
5100 178
5101 178
5102 178
5103 178
5104 178
5105 178
5106 178
5107 178
5108 178
5109 178
5110 179
5111 179
5112 179
5113 179
5114 179
5115 179
5116 179
5117 179
5118 179
5119 179
5120 179
5121 179
5122 179
5123 179
5124 179
5125 179
5126 179
5127 179
5128 179
5129 179
5130 179
5131 179
5132 179
5133 179
5134 179
5135 179
5136 179
5137 179
5138 180
5139 180
5140 180
5141 180
5142 180
5143 180
5144 180
5145 180
5146 180
5147 180
5148 180
5149 180
5150 180
5151 180
5152 180
5153 180
5154 180
5155 180
5156 180
5157 180
5158 180
5159 180
5160 180
5161 180
5162 180
5163 180
5164 180
5165 180
5166 181
5167 181
5168 181
5169 181
5170 181
5171 181
5172 181
5173 181
5174 181
5175 181
5176 181
5177 181
5178 181
5179 181
5180 181
5181 181
5182 181
5183 181
5184 181
5185 181
5186 181
5187 181
5188 181
5189 181
5190 181
5191 181
5192 181
5193 181
5194 182
5195 182
5196 182
5197 182
5198 182
5199 182
5200 182
5201 182
5202 182
5203 182
5204 182
5205 182
5206 182
5207 182
5208 182
5209 182
5210 182
5211 182
5212 182
5213 182
5214 182
5215 182
5216 182
5217 182
5218 182
5219 182
5220 182
5221 182
5222 183
5223 183
5224 183
5225 183
5226 183
5227 183
5228 183
5229 183
5230 183
5231 183
5232 183
5233 183
5234 183
5235 183
5236 183
5237 183
5238 183
5239 183
5240 183
5241 183
5242 183
5243 183
5244 183
5245 183
5246 183
5247 183
5248 183
5249 183
5250 184
5251 184
5252 184
5253 184
5254 184
5255 184
5256 184
5257 184
5258 184
5259 184
5260 184
5261 184
5262 184
5263 184
5264 184
5265 184
5266 184
5267 184
5268 184
5269 184
5270 184
5271 184
5272 184
5273 184
5274 184
5275 184
5276 184
5277 184
5278 185
5279 185
5280 185
5281 185
5282 185
5283 185
5284 185
5285 185
5286 185
5287 185
5288 185
5289 185
5290 185
5291 185
5292 185
5293 185
5294 185
5295 185
5296 185
5297 185
5298 185
5299 185
5300 185
5301 185
5302 185
5303 185
5304 185
5305 185
5306 186
5307 186
5308 186
5309 186
5310 186
5311 186
5312 186
5313 186
5314 186
5315 186
5316 186
5317 186
5318 186
5319 186
5320 186
5321 186
5322 186
5323 186
5324 186
5325 186
5326 186
5327 186
5328 186
5329 186
5330 186
5331 186
5332 186
5333 186
5334 187
5335 187
5336 187
5337 187
5338 187
5339 187
5340 187
5341 187
5342 187
5343 187
5344 187
5345 187
5346 187
5347 187
5348 187
5349 187
5350 187
5351 187
5352 187
5353 187
5354 187
5355 187
5356 187
5357 187
5358 188
5359 188
5360 188
5361 188
5362 188
5363 188
5364 188
5365 188
5366 188
5367 188
5368 188
5369 188
5370 188
5371 188
5372 188
5373 188
5374 188
5375 188
5376 188
5377 188
5378 188
5379 188
5380 188
5381 188
5382 189
5383 189
5384 189
5385 189
5386 189
5387 189
5388 189
5389 189
5390 189
5391 189
5392 189
5393 189
5394 189
5395 189
5396 189
5397 189
5398 189
5399 189
5400 189
5401 189
5402 189
5403 189
5404 189
5405 189
5406 190
5407 190
5408 190
5409 190
5410 190
5411 190
5412 190
5413 190
5414 190
5415 190
5416 190
5417 190
5418 190
5419 190
5420 190
5421 190
5422 190
5423 190
5424 190
5425 190
5426 190
5427 190
5428 190
5429 190
5430 191
5431 191
5432 191
5433 191
5434 191
5435 191
5436 191
5437 191
5438 191
5439 191
5440 191
5441 191
5442 191
5443 191
5444 191
5445 191
5446 191
5447 191
5448 191
5449 191
5450 191
5451 191
5452 191
5453 191
5454 192
5455 192
5456 192
5457 192
5458 192
5459 192
5460 192
5461 192
5462 192
5463 192
5464 192
5465 192
5466 192
5467 192
5468 192
5469 192
5470 192
5471 192
5472 192
5473 192
5474 192
5475 192
5476 192
5477 192
5478 193
5479 193
5480 193
5481 193
5482 193
5483 193
5484 193
5485 193
5486 194
5487 194
5488 194
5489 194
5490 194
5491 194
5492 194
5493 194
5494 195
5495 195
5496 195
5497 195
5498 195
5499 195
5500 195
5501 195
5502 196
5503 196
5504 196
5505 196
5506 196
5507 196
5508 196
5509 196
5510 197
5511 197
5512 197
5513 197
5514 197
5515 197
5516 197
5517 197
5518 198
5519 198
5520 198
5521 198
5522 198
5523 198
5524 198
5525 199
5526 199
5527 199
5528 199
5529 199
5530 199
5531 199
5532 199
5533 200
5534 200
5535 200
5536 200
5537 200
5538 200
5539 200
5540 200
5541 201
5542 201
5543 201
5544 201
5545 201
5546 201
5547 201
5548 201
5549 202
5550 202
5551 202
5552 202
5553 202
5554 202
5555 202
5556 202
5557 203
5558 203
5559 203
5560 203
5561 203
5562 203
5563 203
5564 203
5565 204
5566 204
5567 204
5568 204
5569 204
5570 204
5571 204
5572 204
5573 205
5574 205
5575 205
5576 205
5577 205
5578 205
5579 205
5580 205
5581 206
5582 206
5583 206
5584 206
5585 206
5586 206
5587 206
5588 206
5589 207
5590 207
5591 207
5592 207
5593 207
5594 207
5595 207
5596 207
5597 207
5598 207
5599 207
5600 207
5601 207
5602 207
5603 208
5604 208
5605 208
5606 208
5607 208
5608 208
5609 208
5610 208
5611 208
5612 208
5613 208
5614 208
5615 208
5616 208
5617 209
5618 209
5619 209
5620 209
5621 209
5622 209
5623 209
5624 209
5625 210
5626 210
5627 210
5628 210
5629 210
5630 210
5631 210
5632 210
5633 211
5634 211
5635 211
5636 211
5637 211
5638 211
5639 211
5640 211
5641 212
5642 212
5643 212
5644 212
5645 212
5646 212
5647 213
5648 213
5649 213
5650 213
5651 213
5652 213
5653 214
5654 214
5655 214
5656 214
5657 214
5658 214
5659 215
5660 215
5661 215
5662 215
5663 215
5664 215
5665 216
5666 216
5667 216
5668 216
5669 216
5670 216
5671 217
5672 217
5673 217
5674 217
5675 217
5676 217
5677 218
5678 218
5679 218
5680 218
5681 218
5682 218
5683 219
5684 219
5685 219
5686 219
5687 219
5688 219
5689 220
5690 220
5691 220
5692 220
5693 220
5694 220
5695 221
5696 221
5697 221
5698 221
5699 221
5700 221
5701 222
5702 222
5703 222
5704 222
5705 222
5706 222
5707 223
5708 223
5709 223
5710 223
5711 223
5712 223
5713 224
5714 224
5715 224
5716 224
5717 224
5718 224
5719 225
5720 225
5721 225
5722 225
5723 225
5724 225
5725 226
5726 226
5727 226
5728 226
5729 226
5730 226
5731 227
5732 227
5733 227
5734 227
5735 228
5736 228
5737 228
5738 228
5739 229
5740 229
5741 229
5742 229
5743 230
5744 230
5745 230
5746 230
5747 231
5748 231
5749 231
5750 231
5751 232
5752 232
5753 232
5754 232
5755 233
5756 233
5757 233
5758 233
5759 234
5760 234
5761 234
5762 234
5763 235
5764 235
5765 235
5766 235
5767 236
5768 236
5769 236
5770 236
5771 237
5772 237
5773 237
5774 237
5775 238
5776 238
5777 238
5778 238
5779 239
5780 239
5781 239
5782 239
5783 240
5784 240
5785 240
5786 240
5787 241
5788 241
5789 241
5790 241
5791 242
5792 242
5793 242
5794 242
5795 243
5796 243
5797 243
5798 243
5799 243
5800 243
5801 243
5802 243
5803 244
5804 244
5805 244
5806 244
5807 244
5808 244
5809 244
5810 244
5811 245
5812 245
5813 245
5814 245
5815 245
5816 245
5817 245
5818 245
5819 246
5820 246
5821 246
5822 246
5823 246
5824 246
5825 246
5826 246
5827 247
5828 247
5829 247
5830 247
5831 247
5832 247
5833 247
5834 247
5835 248
5836 248
5837 248
5838 248
5839 248
5840 248
5841 248
5842 248
5843 249
5844 249
5845 249
5846 249
5847 250
5848 250
5849 250
5850 250
5851 251
5852 251
5853 251
5854 251
5855 252
5856 252
5857 252
5858 252
5859 253
5860 253
5861 253
5862 253
5863 254
5864 254
5865 254
5866 254
5867 255
5868 255
5869 255
5870 255
5871 256
5872 256
5873 256
5874 256
5875 257
5876 257
5877 257
5878 257
5879 257
5880 257
5881 257
5882 257
5883 257
5884 257
5885 257
5886 257
5887 258
5888 258
5889 258
5890 258
5891 258
5892 258
5893 258
5894 258
5895 258
5896 258
5897 258
5898 258
5899 259
5900 259
5901 259
5902 259
5903 260
5904 260
5905 260
5906 260
5907 261
5908 261
5909 261
5910 261
5911 262
5912 262
5913 262
5914 262
5915 263
5916 263
5917 263
5918 263
5919 264
5920 264
5921 264
5922 264
5923 265
5924 265
5925 265
5926 265
5927 266
5928 266
5929 266
5930 266
5931 267
5932 267
5933 267
5934 267
5935 268
5936 268
5937 268
5938 268
5939 269
5940 269
5941 269
5942 269
5943 270
5944 270
5945 270
5946 270
5947 271
5948 271
5949 271
5950 271
5951 272
5952 272
5953 272
5954 272
5955 273
5956 273
5957 273
5958 273
5959 274
5960 274
5961 274
5962 274
5963 274
5964 274
5965 274
5966 274
5967 275
5968 275
5969 275
5970 275
5971 275
5972 275
5973 275
5974 275
5975 276
5976 276
5977 276
5978 276
5979 277
5980 277
5981 277
5982 277
5983 278
5984 278
5985 278
5986 278
5987 279
5988 279
5989 279
5990 279
5991 280
5992 280
5993 280
5994 280
5995 281
5996 281
5997 281
5998 281
5999 282
6000 282
6001 282
6002 282
6003 283
6004 283
6005 283
6006 283
6007 284
6008 284
6009 284
6010 284
6011 285
6012 285
6013 285
6014 285
6015 286
6016 286
6017 286
6018 286
6019 287
6020 287
6021 287
6022 287
6023 288
6024 288
6025 288
6026 288
6027 288
6028 288
6029 288
6030 288
6031 289
6032 289
6033 289
6034 289
6035 289
6036 289
6037 289
6038 289
6039 290
6040 290
6041 290
6042 290
6043 291
6044 291
6045 291
6046 291
6047 292
6048 292
6049 292
6050 292
6051 293
6052 293
6053 293
6054 293
6055 294
6056 294
6057 294
6058 294
6059 295
6060 295
6061 295
6062 295
6063 296
6064 296
6065 296
6066 296
6067 297
6068 297
6069 297
6070 297
6071 298
6072 298
6073 298
6074 298
6075 299
6076 299
6077 299
6078 299
6079 300
6080 300
6081 300
6082 300
6083 301
6084 301
6085 301
6086 301
6087 302
6088 302
6089 302
6090 302
6091 303
6092 303
6093 303
6094 303
6095 304
6096 304
6097 304
6098 304
6099 305
6100 305
6101 305
6102 305
6103 306
6104 306
6105 306
6106 306
6107 306
6108 306
6109 306
6110 306
6111 307
6112 307
6113 307
6114 307
6115 307
6116 307
6117 307
6118 307
6119 308
6120 308
6121 308
6122 308
6123 308
6124 308
6125 308
6126 308
6127 309
6128 309
6129 309
6130 309
6131 309
6132 309
6133 309
6134 309
6135 310
6136 310
6137 310
6138 310
6139 310
6140 310
6141 310
6142 310
6143 311
6144 311
6145 311
6146 311
6147 311
6148 311
6149 311
6150 311
6151 312
6152 312
6153 312
6154 312
6155 312
6156 312
6157 313
6158 313
6159 313
6160 313
6161 313
6162 313
6163 314
6164 314
6165 314
6166 314
6167 314
6168 314
6169 315
6170 315
6171 315
6172 315
6173 315
6174 315
6175 316
6176 316
6177 316
6178 316
6179 316
6180 316
6181 317
6182 317
6183 317
6184 317
6185 317
6186 317
6187 318
6188 318
6189 318
6190 318
6191 318
6192 318
6193 319
6194 319
6195 319
6196 319
6197 319
6198 319
6199 320
6200 320
6201 320
6202 320
6203 320
6204 320
6205 321
6206 321
6207 321
6208 321
6209 321
6210 321
6211 322
6212 322
6213 322
6214 322
6215 322
6216 322
6217 323
6218 323
6219 323
6220 323
6221 323
6222 323
6223 324
6224 324
6225 324
6226 324
6227 324
6228 324
6229 325
6230 325
6231 325
6232 325
6233 325
6234 326
6235 326
6236 326
6237 326
6238 326
6239 326
6240 327
6241 327
6242 327
6243 327
6244 327
6245 327
6246 328
6247 328
6248 328
6249 328
6250 328
6251 328
6252 329
6253 329
6254 329
6255 329
6256 329
6257 329
6258 330
6259 330
6260 330
6261 330
6262 330
6263 330
6264 331
6265 331
6266 331
6267 331
6268 331
6269 331
6270 332
6271 332
6272 332
6273 332
6274 332
6275 332
6276 333
6277 333
6278 333
6279 333
6280 333
6281 333
6282 334
6283 334
6284 334
6285 334
6286 335
6287 335
6288 335
6289 335
6290 336
6291 336
6292 336
6293 336
6294 337
6295 337
6296 337
6297 337
6298 338
6299 338
6300 338
6301 338
6302 339
6303 339
6304 339
6305 340
6306 340
6307 340
6308 340
6309 341
6310 341
6311 341
6312 341
6313 342
6314 342
6315 342
6316 342
6317 343
6318 343
6319 343
6320 343
6321 344
6322 344
6323 344
6324 344
6325 345
6326 345
6327 345
6328 345
6329 346
6330 346
6331 346
6332 346
6333 347
6334 347
6335 347
6336 347
